ID,Major group,Family,Genus hybrid marker,Genus,Species hybrid marker,Species,Infraspecific rank,Infraspecific epithet,Authorship,Taxonomic status in TPL,Nomenclatural status from original data source,Confidence level,Source,Source id,IPNI id,Publication,Collation,Page,Date
kew-6246,A,Betulaceae,,Alnus,,"acuminata",,"","Kunth",Accepted,,H,WCSP,6246,294882-1,"Nov. Gen. Sp.","2: 20","","1817"
kew-6248,A,Betulaceae,,Alnus,,"acuminata",subsp.,"arguta","(Schltdl.) Furlow",Accepted,,L,WCSP,6248,9382-2,"Ann. Missouri Bot. Gard.","63: 380","","1976 publ. 1977"
kew-6251,A,Betulaceae,,Alnus,,"acuminata",subsp.,"glabrata","(Fernald) Furlow",Accepted,,L,WCSP,6251,9383-2,"Ann. Missouri Bot. Gard.","63: 381","","1976 publ. 1977"
kew-6257,A,Betulaceae,,Alnus,,"alnobetula",,"","(Ehrh.) K.Koch",Accepted,,H,WCSP,6257,30015316-2,"Dendrologie","2(1): 625","","1872"
kew-466798,A,Betulaceae,,Alnus,,"alnobetula",subsp.,"crispa","(Aiton) Raus",Accepted,,L,WCSP,466798,60456398-2,"Willdenowia","41: 129","","2011"
kew-466796,A,Betulaceae,,Alnus,,"alnobetula",subsp.,"fruticosa","(Rupr.) Raus",Accepted,,L,WCSP,466796,60456396-2,"Willdenowia","41: 129","","2011"
kew-466797,A,Betulaceae,,Alnus,,"alnobetula",subsp.,"sinuata","(Regel) Raus",Accepted,,L,WCSP,466797,60456397-2,"Willdenowia","41: 129","","2011"
kew-6266,A,Betulaceae,,Alnus,,"alnobetula",subsp.,"suaveolens","(Req.) Lambinon & Kerguélen",Accepted,,L,WCSP,6266,954641-1,"Candollea","43: 405","","1988"
kew-6276,A,Betulaceae,,Alnus,×,"aschersoniana",,"","Callier",Unresolved,,L,WCSP,6276,,"Sitzungsber. Schles. Ges. Vaterl. Cult.","70: 82","","1891"
tro-50271640,A,Betulaceae,,Alnus,,"balatonialis",,"","Borbás",Unresolved,,L,TRO,50271640,,"Balaton Fl.","330","330","1900"
kew-6294,A,Betulaceae,,Alnus,,"cordata",,"","(Loisel.) Duby",Accepted,,H,WCSP,6294,294902-1,"Bot. Gall.","1: 423","","1828"
kew-6302,A,Betulaceae,,Alnus,,"cremastogyne",,"","Burkill",Accepted,,H,WCSP,6302,,"J. Linn. Soc., Bot.","26: 499","","1890"
kew-6314,A,Betulaceae,,Alnus,,"cuneata",,"","Geyer ex Walp.",Unresolved,,L,WCSP,6314,294908-1,"Ann. Bot. Syst.","1: 286","","1848"
kew-6318,A,Betulaceae,,Alnus,,"dimitrovii",,"","Jordanov & Kitanov",Unresolved,,L,WCSP,6318,,"Izv. Bot. Inst. (Sofia)","1: 8","","1950"
kew-6321,A,Betulaceae,,Alnus,×,"elliptica",,"","Req.",Accepted,,H,WCSP,6321,294912-1,"Ann. Sci. Nat. (Paris)","5: 381","","1825"
kew-6324,A,Betulaceae,,Alnus,×,"fallacina",,"","Callier",Accepted,,H,WCSP,6324,107659-1,"Repert. Spec. Nov. Regni Veg.","10: 232","","1911"
kew-6325,A,Betulaceae,,Alnus,,"fauriei",,"","H.Lév. & Vaniot",Accepted,,H,WCSP,6325,294915-1,"Bull. Soc. Bot. France","51: 423","","1904"
kew-6329,A,Betulaceae,,Alnus,,"ferdinandi-coburgii",,"","C.K.Schneid.",Accepted,,H,WCSP,6329,107660-1,"Bot. Gaz.","64: 147","","1917"
tro-50269330,A,Betulaceae,,Alnus,,"fernandi-coburgii",,"","C.K. Schneid.",Unresolved,,L,TRO,50269330,,"Bot. Gaz.","64: 147","147","1917"
tro-50271644,A,Betulaceae,,Alnus,,"figerti",,"","Callier",Unresolved,,L,TRO,50271644,294919-1,"Deutsche Bot. Monatsschr.","7: 56","56","1889"
kew-6338,A,Betulaceae,,Alnus,,"firma",,"","Siebold & Zucc.",Accepted,,H,WCSP,6338,294920-1,"Abh. Math.-Phys. Cl. Königl. Bayer. Akad. Wiss.","4(3): 230","","1846"
kew-6344,A,Betulaceae,,Alnus,,"formosana",,"","(Burkill) Makino",Accepted,,H,WCSP,6344,107662-1,"Bot. Mag. (Tokyo)","26: 390","","1912"
tro-50218382,A,Betulaceae,,Alnus,,"frangula",,"","L. ex Huth",Unresolved,,L,TRO,50218382,,"Helios","11(9): 134","134","1893"
kew-6358,A,Betulaceae,,Alnus,,"gigantea",,"","Nakai",Unresolved,,L,WCSP,6358,107663-1,"J. Jap. Bot.","16: 67","","1940"
tro-50270104,A,Betulaceae,,Alnus,,"glandulosa",,"","Sarg.",Unresolved,,L,TRO,50270104,,"?","","",""
kew-6364,A,Betulaceae,,Alnus,,"glutinosa",,"","(L.) Gaertn.",Accepted,,H,WCSP,6364,30036759-2,"Fruct. Sem. Pl.","2: 54","","1790"
kew-6370,A,Betulaceae,,Alnus,,"glutinosa",subsp.,"barbata","(C.A.Mey.) Yalt.",Accepted,,L,WCSP,6370,,"Notes Roy. Bot. Gard. Edinburgh","28: 15","","1967"
tro-100145109,A,Betulaceae,,Alnus,,"glutinosa",var.,"incisa","(Willd.) Regel",Accepted,,L,TRO,100145109,,"Bull. Soc. Imp. Naturalistes Moscou","38(2): 431","431","1865"
tro-100145110,A,Betulaceae,,Alnus,,"glutinosa",var.,"laciniata","(Willd.) Regel",Accepted,,L,TRO,100145110,,"Bull. Soc. Imp. Naturalistes Moscou","38(2): 431","431","1865"
kew-6403,A,Betulaceae,,Alnus,,"glutipes",,"","(Jarm. ex Czerpek) Vorosch.",Accepted,,H,WCSP,6403,107665-1,"Fl. Sovetsk. Dal'n. Vost.","152","","1966"
kew-6405,A,Betulaceae,,Alnus,,"hakkodensis",,"","Hayashi",Accepted,,H,WCSP,6405,,"Bull. Gov. Forest Exp. Sta.","57: 153","","1952"
kew-6406,A,Betulaceae,,Alnus,×,"hanedae",,"","Suyinata",Accepted,,H,WCSP,6406,,"New Keys Jap. Trees","457","","1961"
kew-6408,A,Betulaceae,,Alnus,,"henedae",,"","Sugim.",Unresolved,,L,WCSP,6408,,"New Keys Jap. Trees","457","","1961"
kew-6409,A,Betulaceae,,Alnus,,"henryi",,"","C.K.Schneid.",Accepted,,H,WCSP,6409,107669-1,"Pl. Wilson.","2: 495","","1916"
kew-6410,A,Betulaceae,,Alnus,,"hirsuta",,"","(Spach) Rupr.",Accepted,,H,WCSP,6410,,"Bull. Cl. Phys.-Math. Acad. Imp. Sci. Saint-Pétersbourg","15: 376","","1857"
kew-6414,A,Betulaceae,,Alnus,×,"hosoii",,"","Mizush.",Accepted,,H,WCSP,6414,107671-1,"J. Jap. Bot.","32: 1","","1957"
tro-50269361,A,Betulaceae,,Alnus,,"hybrida",,"","Rchb.",Unresolved,,L,TRO,50269361,294927-1,"Icon. Fl. Germ. Helv.","12, t.630","12","1850"
kew-6417,A,Betulaceae,,Alnus,,"incana",,"","(L.) Moench",Accepted,,H,WCSP,6417,30106706-2,"Methodus","424","","1794"
kew-6435,A,Betulaceae,,Alnus,,"incana",subsp.,"kolaensis","(Orlova) Á.Löve & D.Löve",Accepted,,L,WCSP,6435,,"Bot. Not.","114: 51","","1961"
kew-6448,A,Betulaceae,,Alnus,,"incana",subsp.,"rugosa","(Du Roi) R.T.Clausen",Accepted,,L,WCSP,6448,9423-2,"Cornell Univ. Agric. Exp. Sta. Mem.","291: 8","","1949"
kew-6453,A,Betulaceae,,Alnus,,"incana",subsp.,"tenuifolia","(Nutt.) Breitung",Accepted,,L,WCSP,6453,9425-2,"Amer. Midl. Naturalist","58: 25","","1957"
kew-6471,A,Betulaceae,,Alnus,,"japonica",,"","(Thunb.) Steud.",Accepted,,H,WCSP,6471,294936-1,"Nomencl. Bot.","ed. 2, 1: 55","","1840"
kew-6476,A,Betulaceae,,Alnus,,"jorullensis",,"","Kunth",Accepted,,H,WCSP,6476,294937-1,"Nov. Gen. Sp.","2: 20","","1817"
kew-6486,A,Betulaceae,,Alnus,,"jorullensis",subsp.,"lutea","Furlow",Accepted,,L,WCSP,6486,9432-2,"Ann. Missouri Bot. Gard.","63: 381","","1976 publ. 1977"
kew-6493,A,Betulaceae,,Alnus,×,"koehnei",,"","Callier",Unresolved,,L,WCSP,6493,107677-1,"Mitth. Thüring. Bot. Vereins","n.f., 37: 78","","1927"
tro-50269336,A,Betulaceae,,Alnus,,"laciniata",,"","Ehrh.",Unresolved,,L,TRO,50269336,294939-1,"Beitr. Naturk.","3: 22","22","1788"
kew-6496,A,Betulaceae,,Alnus,,"lanata",,"","Duthie ex Bean",Accepted,,H,WCSP,6496,,"Bull. Misc. Inform. Kew","1913: 164","","1913"
tro-50271651,A,Betulaceae,,Alnus,×,"ljungeri",,"","Murai",Unresolved,,L,TRO,50271651,,"Bull. Gov. Forest Exp. Sta.","171: 60","60","1964"
tro-50269438,A,Betulaceae,,Alnus,,"lobata",,"","Nyman",Unresolved,,L,TRO,50269438,294944-1,"Consp. Fl. Eur.","671","671","1881"
kew-6506,A,Betulaceae,,Alnus,,"mairei",,"","H.Lév.",Accepted,,H,WCSP,6506,107680-1,"Bull. Acad. Int. Géogr. Bot.","23: 283","","1914"
kew-6507,A,Betulaceae,,Alnus,,"mandshurica",,"","(Callier) Hand.-Mazz.",Accepted,,H,WCSP,6507,107681-1,"Oesterr. Bot. Z.","81: 306","","1932"
kew-6509,A,Betulaceae,,Alnus,,"maritima",,"","(Marshall) Muhl. ex Nutt.",Accepted,,H,WCSP,6509,9436-2,"N. Amer. Sylv.","1: 34","","1842"
kew-6516,A,Betulaceae,,Alnus,,"matsumurae",,"","Callier",Accepted,,H,WCSP,6516,107682-1,"Repert. Spec. Nov. Regni Veg.","10: 234","","1911"
kew-6518,A,Betulaceae,,Alnus,,"maximowiczii",,"","Callier",Accepted,,H,WCSP,6518,9439-2,"Ill. Handb. Laubholzk.","1: 122","","1904"
kew-342847,A,Betulaceae,,Alnus,×,"mayrii",,"","Callier",Accepted,,H,WCSP,342847,,"Ill. Handb. Laubholzk.","1: 126","","1904"
kew-6521,A,Betulaceae,,Alnus,,"microphylla",,"","Arv.-Touv.",Unresolved,,L,WCSP,6521,294950-1,"Bull. Soc. Bot. France","26: 39","","1879"
kew-6533,A,Betulaceae,,Alnus,,"nepalensis",,"","D.Don",Accepted,,H,WCSP,6533,294958-1,"Prodr. Fl. Nepal.","58","","1825"
kew-6538,A,Betulaceae,,Alnus,,"nitida",,"","(Spach) Endl.",Accepted,,H,WCSP,6538,294962-1,"Gen. Pl.","Suppl. 4(2): 20","","1847"
kew-6544,A,Betulaceae,,Alnus,,"oblongifolia",,"","Torr.",Accepted,,H,WCSP,6544,,"Rep. U.S. Mex. Bound.","2(1): 204","","1858"
tro-50270018,A,Betulaceae,,Alnus,,"obtusifolia",,"","Mert. ex Regel",Unresolved,,L,TRO,50270018,,"?","","",""
kew-6551,A,Betulaceae,,Alnus,,"orientalis",,"","Decne.",Accepted,,H,WCSP,6551,294972-1,"Ann. Sci. Nat., Bot.","II, 4: 348","","1835"
kew-6564,A,Betulaceae,,Alnus,,"oxyacantha",,"","Lavalle",Unresolved,,L,WCSP,6564,,"Énum. Arbres","223","","1877"
kew-6566,A,Betulaceae,,Alnus,,"paniculata",,"","Nakai",Accepted,,H,WCSP,6566,107692-1,"Bot. Mag. (Tokyo)","29: 45","","1915"
kew-6567,A,Betulaceae,,Alnus,×,"peculiaris",,"","Hiyama",Accepted,,H,WCSP,6567,107693-1,"J. Jap. Bot.","37: 155","","1962"
kew-6568,A,Betulaceae,,Alnus,,"pendula",,"","Matsum.",Accepted,,H,WCSP,6568,294976-1,"J. Coll. Sci. Imp. Univ. Tokyo","16(5): 6","","1902"
kew-6572,A,Betulaceae,,Alnus,×,"pubescens",,"","Tausch",Accepted,,H,WCSP,6572,294979-1,"Flora","17: 520","","1834"
kew-6574,A,Betulaceae,,Alnus,×,"purpusii",,"","Callier",Unresolved,,L,WCSP,6574,,"Handb. Laubholzk.","1: 132","","1904"
kew-6578,A,Betulaceae,,Alnus,,"rhombifolia",,"","Nutt.",Accepted,,H,WCSP,6578,294983-1,"N. Amer. Sylv.","1: 33","","1842"
kew-6584,A,Betulaceae,,Alnus,,"rubra",,"","Bong.",Accepted,,H,WCSP,6584,294986-1,"Mém. Acad. Imp. Sci. Saint Pétersbourg, Sér. 7","2: 162","","1833"
kew-6598,A,Betulaceae,,Alnus,,"serrulata",,"","(Aiton) Willd.",Accepted,,H,WCSP,6598,294991-1,"Sp. Pl.","4: 336","","1805"
kew-6610,A,Betulaceae,,Alnus,,"serrulatoides",,"","Callier",Accepted,,H,WCSP,6610,107696-1,"Repert. Spec. Nov. Regni Veg.","10: 229","","1911"
kew-6615,A,Betulaceae,,Alnus,,"sieboldiana",,"","Matsum.",Accepted,,H,WCSP,6615,294993-1,"J. Coll. Sci. Imp. Univ. Tokyo","16(5): 3","","1902"
kew-6616,A,Betulaceae,,Alnus,×,"silesiaca",,"","Fiek",Unresolved,,L,WCSP,6616,60457872-2,"Jahresber. Schles. Ges. Vaterl. Cult.","66: 178","","1888"
kew-6626,A,Betulaceae,,Alnus,×,"spaethii",,"","Callier",Unresolved,,L,WCSP,6626,107698-1,"Mitt. Deutsch. Dendrol. Ges.","215","","1908"
kew-6633,A,Betulaceae,,Alnus,,"subcordata",,"","C.A.Mey.",Accepted,,H,WCSP,6633,295002-1,"Verz. Pfl. Casp. Meer.","43","","1831"
kew-6635,A,Betulaceae,,Alnus,,"subrotunda",,"","Desf.",Unresolved,,L,WCSP,6635,295003-1,"Tabl. École Bot.","ed. 2: 244","","1815"
kew-6636,A,Betulaceae,,Alnus,×,"suginoi",,"","Sugim.",Accepted,,H,WCSP,6636,,"J. Geobot.","16: 49","","1968"
kew-6647,A,Betulaceae,,Alnus,,"trabeculosa",,"","Hand.-Mazz.",Accepted,,H,WCSP,6647,107701-1,"Anz. Akad. Wiss. Wien, Math.-Naturwiss. Kl.","59: 51","","1922"
kew-6651,A,Betulaceae,,Alnus,,"vermicularis",,"","Nakai",Accepted,,H,WCSP,6651,107702-1,"Bot. Mag. (Tokyo)","33: 46","","1919"
kew-6652,A,Betulaceae,,Alnus,,"vilmoriana",,"","Lebas",Unresolved,,L,WCSP,6652,295011-1,"Rev. Hort.","1866: 446","","1866"
tro-50270015,A,Betulaceae,,Alnus,,"washinhtonia",,"","Wetzel",Unresolved,,L,TRO,50270015,,"?","","",""
kew-21082,A,Betulaceae,,Betula,,"alajica",,"","Litv.",Accepted,,H,WCSP,21082,107710-1,"Trudy Bot. Muz. Imp. Akad. Nauk","12: 92","","1914"
kew-21101,A,Betulaceae,,Betula,,"alba",var.,"intermedia","(Hartm.) Wahlenb.",Unresolved,,L,WCSP,21101,,"Fl. Suec.","624","","1824"
kew-21133,A,Betulaceae,,Betula,,"albosinensis",,"","Burkill",Accepted,,H,WCSP,21133,295028-1,"J. Linn. Soc., Bot.","26: 497","","1899"
kew-21135,A,Betulaceae,,Betula,,"alleghaniensis",,"","Britton",Accepted,,H,WCSP,21135,32106-2,"Bull. Torrey Bot. Club","31: 166","","1904"
kew-21139,A,Betulaceae,,Betula,,"alnoides",,"","Buch.-Ham. ex D.Don",Accepted,,H,WCSP,21139,,"Prodr. Fl. Nepal.","58","","1825"
kew-21150,A,Betulaceae,,Betula,×,"alpestris",,"","Fr.",Accepted,,H,WCSP,21150,295037-1,"Summa Veg. Scand.","1: 212","","1845"
kew-21153,A,Betulaceae,,Betula,×,"alpina",,"","Kindb.",Unresolved,Illegitimate,L,WCSP,21153,107711-1,"Bot. Not.","1909: 121","","1909"
tro-50271662,A,Betulaceae,,Betula,,"angulata",,"","Steud.",Unresolved,,L,TRO,50271662,295041-1,"Nomencl. Bot. (ed. 2)","1: 201","201","1840"
kew-21161,A,Betulaceae,,Betula,,"apoiensis",,"","Nakai ex H.Hara",Accepted,,H,WCSP,21161,,"J. Jap. Bot.","10: 227","","1934"
kew-21164,A,Betulaceae,,Betula,×,"aschersoniana",,"","Hayek",Unresolved,,L,WCSP,21164,107716-1,"Fl. Steiermark","1: 105","","1908"
kew-468635,A,Betulaceae,,Betula,,"ashburneri",,"","McAll. & Rushforth",Accepted,,H,WCSP,468635,,"Curtis's Bot. Mag.","28: 116","","2011"
kew-21167,A,Betulaceae,,Betula,×,"aurata",,"","Borkh.",Accepted,,H,WCSP,21167,295045-1,"Theor. Prakt. Handb. Forstbot.","1: 378","","1800"
kew-21169,A,Betulaceae,,Betula,,"austrosichotensis",,"","V.N.Vassil. & V.I.Baranov",Accepted,,H,WCSP,21169,903689-1,"Novosti Sist. Vyssh. Rast.","21: 60","","1984"
kew-21171,A,Betulaceae,,Betula,×,"avatshensis",,"","Kom.",Accepted,,H,WCSP,21171,,"Repert. Spec. Nov. Regni Veg.","13: 166","","1914"
tro-50270182,A,Betulaceae,,Betula,×,"baicalensis",,"","Sukaczev",Unresolved,,L,TRO,50270182,107720-1,"Izv. Imp. Akad. Nauk","8: 233","233","1914"
kew-221334,A,Betulaceae,,Betula,,"baschkirica",,"","Tzvelev",Accepted,,H,WCSP,221334,50426223-2,"Novosti Sist. Vyssh. Rast.","34: 65","","2002"
kew-21185,A,Betulaceae,,Betula,,"bomiensis",,"","P.C.Li",Accepted,,H,WCSP,21185,901592-1,"in Fl. Xizangica","1: 484","","1983"
kew-21187,A,Betulaceae,,Betula,×,"borggreveana",,"","Zabel ex H.J.P.Winkl.",Unresolved,,L,WCSP,21187,,"Pflanzenr.","IV, 61: 94","","1904"
tro-50271664,A,Betulaceae,,Betula,,"borggreveana",,"","Zabel ex H. Winkl.",Unresolved,,L,TRO,50271664,295051-1,"Pflanzenr.","IV,61: 94","94",""
kew-21190,A,Betulaceae,,Betula,×,"bottnica",,"","Mela",Accepted,,H,WCSP,21190,,"Lyhk. Kasv.","ed. 3: 314","","1895"
kew-468529,A,Betulaceae,,Betula,,"browicziana",,"","Güner",Accepted,,H,WCSP,468529,60456740-2,"Do?a Bilim Derg, A, 2 Biyol.","9: 270","","1985"
kew-21194,A,Betulaceae,,Betula,×,"caerulea",,"","Blanch.",Accepted,,H,WCSP,21194,32119-2,"Betula","1: 1","","1904"
kew-21201,A,Betulaceae,,Betula,,"calcicola",,"","(W.W.Sm.) P.C.Li",Accepted,,H,WCSP,21201,107733-1,"in Fl. Reipubl. Popul. Sin.","21: 137","","1979"
tro-3600230,A,Betulaceae,,Betula,,"callosa",,"","Lindq.",Accepted,,M,TRO,3600230,,"","","",""
tro-50270653,A,Betulaceae,,Betula,,"camtschatica",,"","Regel",Unresolved,,L,TRO,50270653,,"Nouv. Mém. Soc. Imp. Naturalistes Moscou","13: 107","107","1861"
tro-3600088,A,Betulaceae,,Betula,,"carelica",,"","Merk.",Unresolved,,L,TRO,3600088,,"","","",""
kew-21214,A,Betulaceae,,Betula,,"ceratoptera",,"","G.H.Liu & Y.C.Ma",Accepted,,H,WCSP,21214,938194-1,"Bull. Bot. Res., Harbin","9(4): 55","","1989"
kew-21215,A,Betulaceae,,Betula,,"chichibuensis",,"","H.Hara",Accepted,,H,WCSP,21215,107738-1,"J. Jap. Bot.","31: 122","","1956"
kew-21216,A,Betulaceae,,Betula,,"chinensis",,"","Maxim.",Accepted,,H,WCSP,21216,295058-1,"Bull. Soc. Imp. Naturalistes Moscou","54(1): 47","","1879"
kew-21223,A,Betulaceae,,Betula,,"chitralica",,"","Browicz",Accepted,,H,WCSP,21223,107739-1,"in Fl. Iran.","96: 3","","1972"
kew-21224,A,Betulaceae,,Betula,,"ciliata",,"","Steud.",Unresolved,,L,WCSP,21224,295059-1,"Nomencl. Bot.","ed. 2, 1: 201","","1840"
kew-21225,A,Betulaceae,,Betula,,"collina",,"","Nakai",Unresolved,,L,WCSP,21225,107740-1,"Bot. Mag. (Tokyo)","29: 44","","1915"
kew-21230,A,Betulaceae,,Betula,,"coriacea",,"","Pamp.",Unresolved,,L,WCSP,21230,107744-1,"Nuovo Giorn. Bot. Ital.","n.s., 22: 274","","1915"
kew-21232,A,Betulaceae,,Betula,,"coriaceifolia",,"","V.N.Vassil.",Accepted,,H,WCSP,21232,,"Novosti Sist. Vyssh. Rast.","7: 112","","1970 publ. 1971"
kew-21234,A,Betulaceae,,Betula,,"corylifolia",,"","Griff.",Unresolved,,L,WCSP,21234,107748-1,"Itin. Pl. Khasyah Mts.","54","","1848"
kew-21235,A,Betulaceae,,Betula,,"corylifolia",,"","Regel & Maxim.",Accepted,,H,WCSP,21235,295063-1,"Bull. Soc. Imp. Naturalistes Moscou","38(2): 417","","1865"
kew-21236,A,Betulaceae,,Betula,,"costata",,"","Trautv.",Accepted,,H,WCSP,21236,295064-1,"Prim. Fl. Amur.","253","","1859"
tro-50271311,A,Betulaceae,,Betula,,"cryptocarpa",,"","Laest.",Unresolved,,L,TRO,50271311,,"Bot. Not.","1856: 109","109","1857"
kew-21243,A,Betulaceae,,Betula,,"cyclophylla",,"","Nakai",Unresolved,,L,WCSP,21243,107750-1,"J. Jap. Bot.","17: 4","","1941"
kew-21245,A,Betulaceae,,Betula,,"cylindrostachya",,"","Lindl. ex Wall.",Accepted,,H,WCSP,21245,295069-1,"Pl. Asiat. Rar.","2: 7","","1830"
tro-3600639,A,Betulaceae,,Betula,,"cylindrostachys",,"","Wall. ex Diels",Unresolved,,L,TRO,3600639,,"Bot. Jahrb. Syst.","29(2): 281–282","281","1900"
kew-21251,A,Betulaceae,,Betula,,"dahurica",,"","Pall.",Accepted,,H,WCSP,21251,295071-1,"Fl. Ross.","1: 60","","1784"
kew-21263,A,Betulaceae,,Betula,,"darvasica",,"","Ovcz., Czukav. & Shibkova",Unresolved,,L,WCSP,21263,107753-1,"in Fl. Tadzhikskoi SSR","3: 123, 655","","1968"
kew-21264,A,Betulaceae,,Betula,,"delavayi",,"","Franch.",Accepted,,H,WCSP,21264,295072-1,"J. Bot. (Morot)","13: 205","","1899"
kew-21272,A,Betulaceae,,Betula,,"divaricata",,"","Ledeb.",Accepted,,H,WCSP,21272,295074-1,"Denkschr. Bayer. Bot. Ges. Regensburg","3: 59","","1841"
kew-21273,A,Betulaceae,,Betula,,"dolicholepis",,"","Ovcz., Czukav. & Shibkova",Accepted,,H,WCSP,21273,107756-1,"in Fl. Tadzhikskoi SSR","3: 126, 655","","1968"
kew-21274,A,Betulaceae,,Betula,×,"dugleana",,"","Lepage",Accepted,,H,WCSP,21274,304963-2,"Naturaliste Canad.","103: 226","","1976"
kew-21275,A,Betulaceae,,Betula,×,"dutillyi",,"","Lepage",Accepted,,H,WCSP,21275,324788-2,"Naturaliste Canad.","79: 124","","1952"
kew-21276,A,Betulaceae,,Betula,×,"eastwoodiae",,"","Sarg.",Accepted,,H,WCSP,21276,32128-2,"Bot. Gaz.","67: 216","","1919"
tro-3600116,A,Betulaceae,,Betula,×,"eastwoodiae",,"","Dugle",Unresolved,,L,TRO,3600116,,"Canad. J. Bot.","44: 966","966","1966"
kew-21280,A,Betulaceae,,Betula,,"ermanii",,"","Cham.",Accepted,,H,WCSP,21280,295076-1,"Linnaea","6: 537","","1831"
kew-21287,A,Betulaceae,,Betula,,"ermanii",var.,"japonica","(Shirai) Koidz.",Accepted,,L,WCSP,21287,,"Bot. Mag. (Tokyo)","27: 149","","1913"
tro-50271327,A,Betulaceae,,Betula,,"ethmensis",,"","Raf. ex Regel",Unresolved,,L,TRO,50271327,295077-1,"Prodr.","16(2): 163","163","1868"
kew-21303,A,Betulaceae,,Betula,,"falcata",,"","V.N.Vassil.",Accepted,,H,WCSP,21303,,"Novosti Sist. Vyssh. Rast.","7: 120","","1970 publ. 1971"
kew-21308,A,Betulaceae,,Betula,,"ferganensis",,"","V.N.Vassil.",Accepted,,H,WCSP,21308,,"Novosti Sist. Vyssh. Rast.","7: 108","","1970 publ. 1971"
kew-21309,A,Betulaceae,,Betula,,"finituma",,"","Notø",Unresolved,,L,WCSP,21309,107771-1,"Tromsø Mus. Aarsh.","23: 159","","1901"
kew-21312,A,Betulaceae,,Betula,,"forrestii",,"","Hand.-Mazz.",Accepted,,H,WCSP,21312,107775-1,"Symb. Sin.","7: 20","","1929"
kew-343069,A,Betulaceae,,Betula,,"fruticosa",,"","Pall.",Accepted,,H,WCSP,343069,,"Reise Russ. Reich.","3: 758","","1776"
kew-372285,A,Betulaceae,,Betula,,"fujianensis",,"","J.Zeng, Jian H.Li & Z.D.Chen",Accepted,,H,WCSP,372285,,"Bot. J. Linn. Soc.","156: 524","","2008"
tro-50271269,A,Betulaceae,,Betula,,"glabrata",,"","Wahlenb.",Unresolved,,L,TRO,50271269,,"Fl. Carpat. Princ.","306","306","1814"
kew-21331,A,Betulaceae,,Betula,,"glaebosa",,"","Notø",Unresolved,,L,WCSP,21331,,"Tromsø Mus. Aarsh.","23: 157","","1901"
kew-21333,A,Betulaceae,,Betula,×,"glandulosa",,"","Berl.",Unresolved,,L,WCSP,21333,324789-2,"Öfvers. Kongl. Vetensk.-Akad. Förh.","41(2): 63","","1884"
kew-21334,A,Betulaceae,,Betula,,"glandulosa",,"","Michx.",Accepted,,H,WCSP,21334,295091-1,"Fl. Bor.-Amer.","2: 180","","1803"
kew-21341,A,Betulaceae,,Betula,,"globispica",,"","Shirai",Accepted,,H,WCSP,21341,295094-1,"Bot. Mag. (Tokyo)","8: 318","","1894"
kew-21355,A,Betulaceae,,Betula,,"grossa",,"","Siebold & Zucc.",Accepted,,H,WCSP,21355,295101-1,"Abh. Math.-Phys. Cl. Königl. Sächs. Ges. Wiss.","4(3): 228","","1846"
kew-21356,A,Betulaceae,,Betula,×,"grossii",,"","Natho",Unresolved,,L,WCSP,21356,107785-1,"Repert. Spec. Nov. Regni Veg.","61: 265","","1959"
kew-21358,A,Betulaceae,,Betula,,"guthriei",,"","Sudw.",Unresolved,,L,WCSP,21358,32143-2,"Amer. Forests Forest Life","33: 286","","1927"
kew-21362,A,Betulaceae,,Betula,,"halophila",,"","Ching",Accepted,,H,WCSP,21362,,"Acta Phytotax. Sin.","17(1): 88","","1979"
kew-21364,A,Betulaceae,,Betula,×,"harcynica",,"","Wender.",Unresolved,,L,WCSP,21364,107788-1,"Schriften Ges. Beförd. Gesammten Naturwiss. Marburg","2: 263","","1831"
tro-50271302,A,Betulaceae,,Betula,,"harcynica",,"","Wender. ex Steud.",Unresolved,,L,TRO,50271302,295105-1,"Nomencl. Bot. (ed. 2)","1: 201","201","1840"
kew-21366,A,Betulaceae,,Betula,,"heptopotamica",,"","V.N.Vassil.",Accepted,,H,WCSP,21366,,"Novosti Sist. Vyssh. Rast.","7: 115","","1970 publ. 1971"
kew-21369,A,Betulaceae,,Betula,,"honanensis",,"","S.Y.Wang & C.L.Chang",Accepted,,H,WCSP,21369,976443-1,"J. Henan Agric. Coll.","14(2): 6","","1980"
kew-21370,A,Betulaceae,,Betula,×,"hornei",,"","E.J.Butler",Accepted,,H,WCSP,21370,,"Bull. Torrey Bot. Club","36: 425","","1909"
tro-3600065,A,Betulaceae,,Betula,,"hornei",,"","B.T. Butler",Unresolved,,L,TRO,3600065,32145-2,"Bull. Torrey Bot. Club","36(8): 425–426, f. 3","425","1909"
kew-21372,A,Betulaceae,,Betula,×,"humilis",,"","Fr. ex Regel",Unresolved,Invalid,L,WCSP,21372,,"Prodr.","16(2): 172","","1868"
kew-21373,A,Betulaceae,,Betula,,"humilis",,"","Schrank",Accepted,,H,WCSP,21373,295106-1,"Baier. Fl.","1: 420","","1789"
kew-21386,A,Betulaceae,,Betula,×,"hybrida",,"","Bechst.",Unresolved,Illegitimate,L,WCSP,21386,,"Arch. Bot. (Leipzig)","2: 74","","1799"
kew-21394,A,Betulaceae,,Betula,,"insignis",,"","Franch.",Accepted,,H,WCSP,21394,295112-1,"J. Bot. (Morot)","13: 206","","1899"
kew-21396,A,Betulaceae,,Betula,×,"intermedia",,"","Thomas ex Rchb.",Unresolved,,L,WCSP,21396,295113-1,"Icon. Fl. Germ. Helv.","12: t. 624. f. 1283","","1850"
kew-21399,A,Betulaceae,,Betula,×,"jackii",,"","C.K.Schneid.",Accepted,,H,WCSP,21399,,"Ill. Handb. Laubholzk.","1: 102","","1904"
tro-50270659,A,Betulaceae,,Betula,,"jackii",,"","C.K. Schneid.",Unresolved,,L,TRO,50270659,,"?","","",""
kew-21412,A,Betulaceae,,Betula,,"jarmolenkoana",,"","Golosk.",Accepted,,H,WCSP,21412,107802-1,"Vestn. Akad. Nauk Kazakhsk. S.S.R.","2(131): 92","","1956"
kew-21413,A,Betulaceae,,Betula,,"jiaodongensis",,"","S.B.Liang",Accepted,,H,WCSP,21413,903690-1,"Bull. Bot. Res., Harbin","4(2): 155","","1984"
kew-464361,A,Betulaceae,,Betula,,"jinpingensis",,"","P.C.Li",Accepted,,H,WCSP,464361,107803-1,"Acta Phytotax. Sin.","17(1): 89","","1979"
kew-21415,A,Betulaceae,,Betula,,"jiulungensis",,"","P.C.Li ex Q.Lin",Accepted,,H,WCSP,21415,77083054-1,"Bull. Bot. Res., Harbin","27(3): 267","","2007"
kew-21418,A,Betulaceae,,Betula,,"karagandensis",,"","V.N.Vassil.",Accepted,,H,WCSP,21418,107807-1,"Trudy Inst. Ekol. Rast.","69: 120","","1969"
kew-21420,A,Betulaceae,,Betula,,"kenaica",,"","W.H.Evans",Accepted,,H,WCSP,21420,32152-2,"Bot. Gaz.","27: 481","","1899"
kew-21421,A,Betulaceae,,Betula,,"kirghisorum",,"","Sawicz",Accepted,,H,WCSP,21421,107809-1,"Vestn. Tiflissk. Bot. Sada","25: 11","","1912"
kew-21422,A,Betulaceae,,Betula,,"klokovii",,"","Zaver.",Accepted,,H,WCSP,21422,107810-1,"Ukrayins'k. Bot. Zhurn.","21(5): 80","","1964"
kew-21423,A,Betulaceae,,Betula,×,"koehnei",,"","C.K.Schneid.",Unresolved,,L,WCSP,21423,,"Handb. Laubholzk.","1: 114","","1904"
kew-21425,A,Betulaceae,,Betula,,"korshinskyi",,"","Litv.",Accepted,,H,WCSP,21425,107811-1,"Trudy Bot. Muz. Imp. Akad. Nauk","12: 89","","1914"
kew-21427,A,Betulaceae,,Betula,,"kotulae",,"","Zaver.",Accepted,,H,WCSP,21427,107813-1,"Ukrayins'k. Bot. Zhurn.","21(5): 83","","1964"
kew-21429,A,Betulaceae,,Betula,,"kunarensis",,"","Browicz",Accepted,,H,WCSP,21429,107815-1,"in Fl. Iran.","96: 2","","1972"
kew-21430,A,Betulaceae,,Betula,×,"kusmisscheffii",,"","(Regel) Sukaczev",Unresolved,,L,WCSP,21430,107816-1,"Izv. Imp. Akad. Nauk","8: 233","","1914"
kew-21437,A,Betulaceae,,Betula,×,"lagopina",,"","Hartm. ex Regel",Unresolved,,L,WCSP,21437,295121-1,"Prodr.","16(2): 173","","1868"
kew-21438,A,Betulaceae,,Betula,,"lanata",,"","(Regel) V.N.Vassil.",Accepted,,H,WCSP,21438,107819-1,"Bot. Zhurn. S.S.S.R.","27: 11","","1942"
kew-21440,A,Betulaceae,,Betula,,"latifolia",,"","Andrz.",Unresolved,,L,WCSP,21440,107820-1,"Izv. Univ. Kiev","7: 140","","1862"
kew-21443,A,Betulaceae,,Betula,,"lenta",,"","L.",Accepted,,H,WCSP,21443,295125-1,"Sp. Pl.","983","","1753"
kew-21450,A,Betulaceae,,Betula,,"lenta",subsp.,"uber","(Ashe) A.E.Murray",Accepted,,L,WCSP,21450,920564-1,"Kalmia","12: 18","","1982"
kew-21456,A,Betulaceae,,Betula,,"litwinowii",,"","Doluch.",Accepted,,H,WCSP,21456,107823-1,"Zametki Sist. Geogr. Rast.","7: 14","","1939"
kew-21462,A,Betulaceae,,Betula,,"luminifera",,"","H.J.P.Winkl.",Accepted,,H,WCSP,21462,,"Pflanzenr.","IV, 61: 91","","1904"
kew-21478,A,Betulaceae,,Betula,,"margusarica",,"","V.N.Vassil.",Accepted,,H,WCSP,21478,107828-1,"Bot. Zhurn. (Moscow & Leningrad)","48: 904","","1963"
kew-21479,A,Betulaceae,,Betula,,"maximowicziana",,"","Regel",Accepted,,H,WCSP,21479,295137-1,"Prodr.","16(2): 180","","1868"
tro-50271312,A,Betulaceae,,Betula,,"media",,"","Laest.",Unresolved,,L,TRO,50271312,,"Bot. Not.","1856: 107","107","1857"
tro-50270691,A,Betulaceae,,Betula,,"medwedieaii",,"","Regel",Unresolved,,L,TRO,50270691,,"Gartenflora","36: 383","383","1887"
kew-21484,A,Betulaceae,,Betula,,"medwediewii",,"","Regel",Accepted,,H,WCSP,21484,295142-1,"Gartenflora","36: 383","","1887"
tro-50271313,A,Betulaceae,,Betula,,"megalocarpa",,"","Laest.",Unresolved,,L,TRO,50271313,,"Bot. Not.","1857: 106","106","1857"
kew-21487,A,Betulaceae,,Betula,,"megrelica",,"","Sosn.",Accepted,,H,WCSP,21487,107830-1,"Trudy Tbilissk. Bot. Inst.","1: 42","","1934"
kew-21488,A,Betulaceae,,Betula,,"michauxii",,"","Spach",Accepted,,H,WCSP,21488,295144-1,"Ann. Sci. Nat., Bot.","II, 15: 195","","1841"
kew-21492,A,Betulaceae,,Betula,,"microphylla",,"","Bunge",Accepted,,H,WCSP,21492,295145-1,"Verz. Altai Pfl.","112","","1835"
kew-21495,A,Betulaceae,,Betula,,"minor",,"","(Tuck.) Fernald",Accepted,,H,WCSP,21495,32171-2,"Rhodora","47: 306","","1945"
kew-21500,A,Betulaceae,,Betula,,"murgabica",,"","V.N.Vassil.",Accepted,,H,WCSP,21500,107838-1,"Bot. Zhurn. (Moscow & Leningrad)","48: 904","","1963"
kew-21502,A,Betulaceae,,Betula,×,"murrayana",,"","B.V.Barnes & Dancik",Accepted,,H,WCSP,21502,273246-2,"Canad. J. Bot.","63: 226","","1985"
kew-21504,A,Betulaceae,,Betula,,"nakaiana",,"","Tatew. & Hurus.",Unresolved,,L,WCSP,21504,107839-1,"J. Jap. Bot.","26: 85","","1951"
kew-21505,A,Betulaceae,,Betula,,"nana",,"","L.",Accepted,,H,WCSP,21505,301322-2,"Sp. Pl.","983","","1753"
kew-21508,A,Betulaceae,,Betula,,"nana",subsp.,"exilis","(Sukaczev) Hultén",Accepted,,L,WCSP,21508,32173-2,"Acta Univ. Lund.","n.f., 40(1): 579","","1944"
kew-21520,A,Betulaceae,,Betula,,"nana",subsp.,"rotundifolia","(Spach) Malyschev",Accepted,,L,WCSP,21520,,"Vysokogom. Fl. Vost. Sayan","110","","1965"
kew-21524,A,Betulaceae,,Betula,,"neoalaskana",,"","Sarg.",Accepted,,H,WCSP,21524,32182-2,"J. Arnold Arbor.","3: 206","","1922"
kew-21527,A,Betulaceae,,Betula,,"nigra",,"","L.",Accepted,,H,WCSP,21527,295155-1,"Sp. Pl.","982","","1753"
tro-3600295,A,Betulaceae,,Betula,,"obscura",,"","Kotula",Accepted,,M,TRO,3600295,,"","","",""
kew-21535,A,Betulaceae,,Betula,,"occidentalis",,"","Hook.",Accepted,,H,WCSP,21535,295159-1,"Fl. Bor.-Amer.","2: 155","","1838"
kew-21543,A,Betulaceae,,Betula,,"ovalifolia",,"","Rupr.",Accepted,,H,WCSP,21543,295161-1,"Bull. Cl. Phys.-Math. Acad. Imp. Sci. Saint-Pétersbourg","15: 378","","1857"
kew-21546,A,Betulaceae,,Betula,,"ovczinnikovii",,"","V.N.Vassil.",Accepted,,H,WCSP,21546,107847-1,"Bot. Zhurn. (Moscow & Leningrad)","48: 903","","1963"
tro-50271684,A,Betulaceae,,Betula,,"oxytzowiensis",,"","Dippel",Unresolved,,L,TRO,50271684,295164-1,"Handb. Laubholzk.","2: 167","167","1891"
kew-469172,A,Betulaceae,,Betula,×,"pallescens",,"","Larss. ex Kindb.",Unresolved,,L,WCSP,469172,,"Bot. Not.","1909: 121","","1909"
tro-50271314,A,Betulaceae,,Betula,,"palmiformis",,"","Laest.",Unresolved,,L,TRO,50271314,,"Bot. Not.","1856: 105","105","1857"
kew-21555,A,Betulaceae,,Betula,,"pamirica",,"","Litv.",Accepted,,H,WCSP,21555,107850-1,"Trudy Bot. Muz. Imp. Akad. Nauk","12: 91","","1914"
kew-21557,A,Betulaceae,,Betula,,"papyrifera",,"","Marshall",Accepted,,H,WCSP,21557,32197-2,"Arbust. Amer.","19","","1785"
kew-21560,A,Betulaceae,,Betula,,"papyrifera",var.,"cordifolia","(Regel) Regel",Accepted,,L,WCSP,21560,,"Bull. Soc. Imp. Naturalistes Moscou","38(2): 401","","1865"
kew-21579,A,Betulaceae,,Betula,,"paramushirensis",,"","Barkalov",Accepted,,H,WCSP,21579,903691-1,"Bot. Zhurn. (Moscow & Leningrad)","69: 1685","","1984"
kew-21582,A,Betulaceae,,Betula,,"pendula",,"","Roth",Accepted,,H,WCSP,21582,295174-1,"Tent. Fl. Germ.","1: 405","","1788"
kew-21587,A,Betulaceae,,Betula,,"pendula",var.,"fontqueri","(Rothm.) G.Moreno & Peinado",Accepted,,L,WCSP,21587,954596-1,"Anales Jard. Bot. Madrid","45: 359","","1988"
kew-21593,A,Betulaceae,,Betula,,"pendula",var.,"oycowiensis","(Besser) Dippel",Accepted,,L,WCSP,21593,,"Handb. Laubholzk.","2: 167","","1891"
tro-3600114,A,Betulaceae,,Betula,×,"piperi",,"","C.L. Hitchc.",Accepted,,M,TRO,3600114,,"Advis. Leafl. Bot. Branch","2: 78","78","1964"
kew-21604,A,Betulaceae,,Betula,,"platyphylla",,"","Sukaczev",Accepted,,H,WCSP,21604,107857-1,"Trudy Bot. Muz. Imp. Akad. Nauk","8: 220","","1911"
kew-21607,A,Betulaceae,,Betula,,"platyphylla",subsp.,"kamtschatica","(Regel) Vorosch.",Accepted,,L,WCSP,21607,987726-1,"Florist. Issl. Razn. Raionakh SSSR","162","","1985"
kew-342865,A,Betulaceae,,Betula,,"platyphylla",subsp.,"mandshurica","(Regel) Kitag.",Accepted,,L,WCSP,342865,,"Lin. Fl. Manshur.","165","","1939"
kew-21610,A,Betulaceae,,Betula,,"platyphylla",subsp.,"minutifolia","(Kozhevn.) Kozhevn.",Accepted,,L,WCSP,21610,919712-1,"Novosti Sist. Vyssh. Rast.","18: 236","","1981"
tro-50271686,A,Betulaceae,,Betula,,"platyptera",,"","Kindb.",Unresolved,,L,TRO,50271686,107860-1,"Bot. Not.","1909: 119","119","1909"
kew-21616,A,Betulaceae,,Betula,,"plettkei",,"","Junge",Unresolved,,L,WCSP,21616,295179-1,"Verh. Naturwiss. Vereins Hamburg","III, 13: 39","","1905"
kew-21620,A,Betulaceae,,Betula,,"populifolia",,"","Marshall",Accepted,,H,WCSP,21620,107861-1,"Arbust. Amer.","19","","1785"
kew-21621,A,Betulaceae,,Betula,,"potamophila",,"","V.N.Vassil.",Accepted,,H,WCSP,21621,,"Novosti Sist. Vyssh. Rast.","7: 105","","1970 publ. 1971"
kew-21622,A,Betulaceae,,Betula,,"potaninii",,"","Batalin",Accepted,,H,WCSP,21622,295183-1,"Trudy Glavn. Bot. Sada","13: 101","","1893"
kew-21625,A,Betulaceae,,Betula,,"procurva",,"","Litv.",Accepted,,H,WCSP,21625,107864-1,"Trudy Bot. Muz. Imp. Akad. Nauk","12: 93","","1914"
kew-21626,A,Betulaceae,,Betula,,"procurva",subsp.,"lipskyi","(V.N.Vassil.) Ovcz.",Accepted,,L,WCSP,21626,,"in Fl. Tadzhikskoi SSR","3: 130","","1968"
kew-21627,A,Betulaceae,,Betula,,"procurva",subsp.,"schugnanica","(B.Fedtsch.) Ovcz.",Accepted,,L,WCSP,21627,,"in Fl. Tadzhikskoi SSR","3: 132","","1968"
kew-21628,A,Betulaceae,,Betula,,"psammophila",,"","V.N.Vassil.",Accepted,,H,WCSP,21628,,"Novosti Sist. Vyssh. Rast.","7: 97","","1970 publ. 1971"
kew-21631,A,Betulaceae,,Betula,×,"pseudocarpatica",,"","Simonk.",Unresolved,,L,WCSP,21631,295184-1,"Enum. Fl. Transsilv.","491","","1887"
tro-3600311,A,Betulaceae,,Betula,×,"pseudomiddendorffii",,"","V.N. Vassil.",Unresolved,,L,TRO,3600311,,"","","",""
kew-21635,A,Betulaceae,,Betula,,"pubentissima",,"","V.N.Vassil.",Unresolved,,L,WCSP,21635,107870-1,"Bot. Zhurn. (Moscow & Leningrad)","48: 904","","1963"
kew-21636,A,Betulaceae,,Betula,,"pubescens",,"","Ehrh.",Accepted,,H,WCSP,21636,,"Beitr. Naturk.","4: 160","","1789"
kew-21649,A,Betulaceae,,Betula,,"pubescens",var.,"glabrata","Wahlenb.",Accepted,,L,WCSP,21649,,"Fl. Carpat. Princ.","306","","1814"
kew-221341,A,Betulaceae,,Betula,,"pubescens",var.,"golitsinii","(V.N.Vassil.) Tzvelev",Accepted,,L,WCSP,221341,50426220-2,"Novosti Sist. Vyssh. Rast.","34: 61","","2002"
kew-21659,A,Betulaceae,,Betula,,"pubescens",var.,"pumila","(L.) Govaerts",Accepted,,L,WCSP,21659,993519-1,"World Checklist Seed Pl.","2(1): 10","","1996"
kew-21670,A,Betulaceae,,Betula,,"pulchella",,"","Dippel",Unresolved,,L,WCSP,21670,295186-1,"Handb. Laubholzk.","2: 182","","1891"
kew-21671,A,Betulaceae,,Betula,,"pumila",,"","L.",Accepted,,H,WCSP,21671,30003581-2,"Mant. Pl.","1: 124","","1767"
kew-21685,A,Betulaceae,,Betula,×,"purpusii",,"","C.K.Schneid.",Accepted,,H,WCSP,21685,,"Ill. Handb. Laubholzk.","1: 102","","1904"
tro-3600076,A,Betulaceae,,Betula,,"purpusii",,"","C.K. Schneid.",Unresolved,,L,TRO,3600076,,"","","",""
kew-21686,A,Betulaceae,,Betula,,"pyrolifolia",,"","V.N.Vassil.",Accepted,,H,WCSP,21686,,"Novosti Sist. Vyssh. Rast.","7: 111","","1970 publ. 1971"
kew-21688,A,Betulaceae,,Betula,,"raddeana",,"","Trautv.",Accepted,,H,WCSP,21688,295190-1,"Trudy Glavn. Bot. Sada","5: 129","","1887"
kew-21689,A,Betulaceae,,Betula,×,"raymundii",,"","Lepage",Accepted,,H,WCSP,21689,324791-2,"Naturaliste Canad.","84: 57","","1957"
kew-21691,A,Betulaceae,,Betula,,"regeliana",,"","V.N.Vassil.",Accepted,,H,WCSP,21691,107877-1,"Bot. Zhurn. (Moscow & Leningrad)","48: 904","","1963"
kew-21692,A,Betulaceae,,Betula,,"resinifera",,"","Royle",Unresolved,,L,WCSP,21692,,"Ill. Bot. Himal. Mts.","343","","1839"
kew-374556,A,Betulaceae,,Betula,,"rhombifolia",,"","Nutt.",Unresolved,,L,WCSP,374556,60446927-2,"N. Amer. Sylv.","1: 24","","1842"
kew-21700,A,Betulaceae,,Betula,,"rockii",,"","(Rehder) C.-A.Jansson",Accepted,,H,WCSP,21700,107881-1,"Acta Horti Gothob.","25: 120","","1962"
kew-21701,A,Betulaceae,,Betula,,"rosae",,"","H.J.P.Winkl.",Unresolved,,L,WCSP,21701,,"Pflanzenr.","IV, 61: 135","","1904"
kew-21702,A,Betulaceae,,Betula,×,"rosendahlii",,"","Butters & Abbe",Unresolved,,L,WCSP,21702,324792-2,"Rhodora","55: 143","","1953"
kew-21703,A,Betulaceae,,Betula,,"rossica",,"","Miniaev",Unresolved,,L,WCSP,21703,107883-1,"Konsp. Fl. Pskov. Obl., Leningrad","160: 62","","1970"
kew-21707,A,Betulaceae,,Betula,,"rubra",,"","Regel",Unresolved,,L,WCSP,21707,295201-1,"Prodr.","16(2): 167","","1868"
tro-3600248,A,Betulaceae,,Betula,,"ruprechtiana",,"","Trautv.",Unresolved,,L,TRO,3600248,,"","","",""
tro-50271315,A,Betulaceae,,Betula,,"rustica",,"","Laest.",Unresolved,,L,TRO,50271315,,"Bot. Not.","1856: 104","104","1857"
kew-21714,A,Betulaceae,,Betula,,"saksarensis",,"","Polozhij & A.T.Malzeva",Accepted,,H,WCSP,21714,107886-1,"Sist. Zametki Mater. Gerb. Krylova Tomsk. Gosud. Univ. Kuybysheva","85(27): 15","","1974 publ. 1975"
kew-21715,A,Betulaceae,,Betula,×,"sandbergii",,"","Britton",Accepted,,H,WCSP,21715,324794-2,"Bull. Torrey Bot. Club","31: 166","","1904"
tro-3600078,A,Betulaceae,,Betula,,"sandbergii",,"","Britton",Unresolved,,L,TRO,3600078,,"Bull. Torrey Bot. Club","31(3): 166","166","1904"
kew-21717,A,Betulaceae,,Betula,,"saposhnikovii",,"","Sukaczev",Accepted,,H,WCSP,21717,107888-1,"Izv. Imp. Akad. Nauk","VI, 8: 235","","1914"
kew-21720,A,Betulaceae,,Betula,×,"sargentii",,"","Dugle",Accepted,,H,WCSP,21720,324785-2,"Canad. J. Bot.","44: 961","","1966"
kew-21721,A,Betulaceae,,Betula,,"saviczii",,"","V.N.Vassil.",Accepted,,H,WCSP,21721,,"Novosti Sist. Vyssh. Rast.","7: 125","","1970 publ. 1971"
kew-21723,A,Betulaceae,,Betula,,"schmidtii",,"","Regel",Accepted,,H,WCSP,21723,295205-1,"Bull. Soc. Imp. Naturalistes Moscou","38(2): 412","","1865"
kew-21725,A,Betulaceae,,Betula,×,"seideliana",,"","Missbach",Unresolved,,L,WCSP,21725,107893-1,"Allg. Bot. Z. Syst.","14: 121","","1908"
kew-21728,A,Betulaceae,,Betula,,"seravschanica",,"","V.N.Vassil.",Accepted,,H,WCSP,21728,107894-1,"Bot. Zhurn. (Moscow & Leningrad)","48: 903","","1963"
tro-50271606,A,Betulaceae,,Betula,,"setarioides",,"","H. Winkl.",Unresolved,,L,TRO,50271606,,"Pflanzenr.","IV,61: 72","72","1904"
tro-50271316,A,Betulaceae,,Betula,,"silvatica",,"","Laest.",Unresolved,,L,TRO,50271316,,"Bot. Not.","1856: 108","108","1857"
tro-50271317,A,Betulaceae,,Betula,,"silvestris",,"","Laest.",Unresolved,,L,TRO,50271317,,"Bot. Not.","1857: 107","107","1857"
tro-50271616,A,Betulaceae,,Betula,,"songarica",,"","Regel",Unresolved,,L,TRO,50271616,,"","995","995","1869"
tro-50271318,A,Betulaceae,,Betula,,"subaequalis",,"","Laest.",Unresolved,,L,TRO,50271318,,"Bot. Not.","1856: 109","109","1857"
tro-50271319,A,Betulaceae,,Betula,,"subalpina",,"","Laest.",Unresolved,,L,TRO,50271319,,"Bot. Not.","1857: 110","110","1857"
kew-21747,A,Betulaceae,,Betula,×,"subtricholepidea",,"","Kindb.",Unresolved,,L,WCSP,21747,107904-1,"Bot. Not.","1909: 120","","1909"
tro-50206550,A,Betulaceae,,Betula,×,"sukaczevii",,"","Soczeva",Unresolved,,L,TRO,50206550,,"Ochr. Fitos. Fitogeogr.","393","393","1929"
kew-21748,A,Betulaceae,,Betula,×,"sukatschewii",,"","Soczava",Unresolved,,L,WCSP,21748,77103256-1,"Ochr. Fitos. Fitogeogr.","393","","1929"
kew-21749,A,Betulaceae,,Betula,,"sunanensis",,"","Y.J.Zhang",Accepted,,H,WCSP,21749,968886-1,"Bull. Bot. Res., Harbin","13: 68","","1993"
kew-21751,A,Betulaceae,,Betula,,"szechuanica",,"","(C.K.Schneid.) C.-A.Jansson",Accepted,,H,WCSP,21751,107906-1,"Acta Horti Gothob.","25: 113","","1962"
kew-21752,A,Betulaceae,,Betula,,"tadzhikistanica",,"","V.N.Vassil.",Accepted,,H,WCSP,21752,107907-1,"Bot. Zhurn. (Moscow & Leningrad)","48: 903","","1963"
kew-21758,A,Betulaceae,,Betula,,"tianschanica",,"","Rupr.",Accepted,,H,WCSP,21758,295215-1,"Sert. Tiansch.","72","","1869"
tro-50271320,A,Betulaceae,,Betula,,"tilliifolia",,"","Laest.",Unresolved,,L,TRO,50271320,,"Bot. Not.","!856: 106","106","1857"
kew-21768,A,Betulaceae,,Betula,,"transsilvanica",,"","Schur",Unresolved,,L,WCSP,21768,295220-1,"Verh. Mitth. Siebenbürg. Vereins Naturwiss. Hermannstadt","4: 68","","1853"
kew-21770,A,Betulaceae,,Betula,,"triphylla",,"","Thunb.",Unresolved,,L,WCSP,21770,295221-1,"Betula","12","","1807"
kew-21775,A,Betulaceae,,Betula,,"turkestanica",,"","Litv.",Accepted,,H,WCSP,21775,107919-1,"Trudy Bot. Muz. Imp. Akad. Nauk","12: 90","","1914"
kew-21777,A,Betulaceae,,Betula,,"tuturinii",,"","V.N.Vassil.",Accepted,,H,WCSP,21777,107921-1,"Bot. Zhurn. (Moscow & Leningrad)","48: 905","","1963"
kew-21779,A,Betulaceae,,Betula,×,"uliginosa",,"","Dugle",Accepted,,H,WCSP,21779,324786-2,"Canad. J. Bot.","44: 951","","1966"
kew-21790,A,Betulaceae,,Betula,×,"utahensis",,"","Britton",Accepted,,H,WCSP,21790,32255-2,"Bull. Torrey Bot. Club","31: 165","","1904"
tro-3600117,A,Betulaceae,,Betula,×,"utahensis",,"","Dugle",Unresolved,,L,TRO,3600117,,"Canad. J. Bot.","44: 972","972","1966"
kew-21791,A,Betulaceae,,Betula,,"utilis",,"","D.Don",Accepted,,H,WCSP,21791,295229-1,"Prodr. Fl. Nepal.","58","","1825"
kew-21793,A,Betulaceae,,Betula,,"utilis",var.,"jacquemontii","(Spach) H.J.P.Winkl.",Accepted,,L,WCSP,21793,,"Pflanzenr.","IV, 61: 62","","1904"
kew-21797,A,Betulaceae,,Betula,,"utilis",var.,"occidentalis","(Kitam.) Ashburner & A.D.Schill.",Accepted,,L,WCSP,21797,924081-1,"Plantsman","7: 121","","1985"
kew-221343,A,Betulaceae,,Betula,×,"vologdensis",,"","Tzvelev",Accepted,,H,WCSP,221343,50426225-2,"Novosti Sist. Vyssh. Rast.","34: 70","","2002"
kew-21827,A,Betulaceae,,Betula,,"vulcani",,"","H.Lév. & Vaniot",Unresolved,,L,WCSP,21827,295234-1,"Bull. Soc. Bot. France","51: 423","","1907"
kew-21831,A,Betulaceae,,Betula,×,"winteri",,"","Dugle",Accepted,,H,WCSP,21831,324793-2,"Canad. J. Bot.","44: 986","","1966"
kew-346090,A,Betulaceae,,Betula,,"wuyiensis",,"","J.B.Xiao",Accepted,,H,WCSP,346090,77080893-1,"J. Nanjing Forest Univ., Nat. Sci. Ed.","30: 125","","2006"
kew-21834,A,Betulaceae,,Betula,×,"zimpelii",,"","Junge",Accepted,,H,WCSP,21834,295235-1,"Allg. Bot. Z. Syst.","10: 153","","1904"
kew-21835,A,Betulaceae,,Betula,,"zinserlingii",,"","V.N.Vassil.",Accepted,,H,WCSP,21835,,"Novosti Sist. Vyssh. Rast.","7: 117","","1970 publ. 1971"
kew-21840,A,Betulaceae,,Betula-alnus,,"rubra",,"","Marshall",Unresolved,,L,WCSP,21840,107939-1,"Arbust. Amer.","20","","1785"
tro-3600472,A,Betulaceae,,Carpinus,,"americana",,"","Michx.",Accepted,,M,TRO,3600472,295247-1,"Fl. Bor.-Amer.","2: 201","201","1803"
kew-34291,A,Betulaceae,,Carpinus,,"betulus",,"","L.",Accepted,,H,WCSP,34291,295248-1,"Sp. Pl.","998","","1753"
kew-34302,A,Betulaceae,,Carpinus,,"caroliniana",,"","Walter",Accepted,,H,WCSP,34302,295249-1,"Fl. Carol.","236","","1788"
kew-34305,A,Betulaceae,,Carpinus,,"caroliniana",subsp.,"virginiana","(Marshall) Furlow",Accepted,,L,WCSP,34305,274152-2,"Syst. Bot.","12: 429","","1987"
kew-34314,A,Betulaceae,,Carpinus,,"chuniana",,"","Hu",Accepted,,H,WCSP,34314,107946-1,"J. Arnold Arbor.","13: 334","","1932"
kew-34316,A,Betulaceae,,Carpinus,,"cordata",,"","Blume",Accepted,,H,WCSP,34316,295253-1,"Mus. Bot.","1: 309","","1851"
kew-34318,A,Betulaceae,,Carpinus,,"cordata",var.,"chinensis","Franch.",Accepted,,L,WCSP,34318,,"J. Bot.","13: 202","","1899"
kew-34320,A,Betulaceae,,Carpinus,,"cordata",var.,"mollis","(Rehder) W.C.Cheng ex C.Chen",Accepted,,L,WCSP,34320,,"Ill. Manual Chin. Trees & Shrubs","163","","1937"
kew-34325,A,Betulaceae,,Carpinus,,"dayongiana",,"","K.W.Liu & Q.Z.Lin",Accepted,,H,WCSP,34325,,"Bull. Bot. Res., Harbin","6(2): 143","","1986"
kew-34330,A,Betulaceae,,Carpinus,,"eximia",,"","Nakai",Accepted,,H,WCSP,34330,107953-1,"Repert. Spec. Nov. Regni Veg.","13: 249","","1914"
kew-34331,A,Betulaceae,,Carpinus,,"faginea",,"","Lindl.",Accepted,,H,WCSP,34331,295257-1,"Pl. Asiat. Rar.","2: 5","","1830"
kew-34333,A,Betulaceae,,Carpinus,,"fangiana",,"","Hu",Accepted,,H,WCSP,34333,107955-1,"J. Arnold Arbor.","10: 154","","1929"
kew-34334,A,Betulaceae,,Carpinus,,"fargesiana",,"","H.J.P.Winkl.",Accepted,,H,WCSP,34334,107956-1,"Bot. Jahrb. Syst.","50(Suppl.): 507","","1914"
kew-34336,A,Betulaceae,,Carpinus,,"fargesiana",var.,"hwai","(Hu & W.C.Cheng) P.C.Li",Accepted,,L,WCSP,34336,874752-1,"in Fl. Reipubl. Popul. Sin.","21: 82","","1979"
kew-34347,A,Betulaceae,,Carpinus,,"hebestroma",,"","Yamam.",Accepted,,H,WCSP,34347,107963-1,"Suppl. Ic. Pl. Formos.","5: 14","","1932"
kew-34348,A,Betulaceae,,Carpinus,,"henryana",,"","(H.J.P.Winkl.) H.J.P.Winkl.",Accepted,,H,WCSP,34348,107964-1,"Bot. Jahrb. Syst.","50(Suppl.): 507","","1914"
kew-34350,A,Betulaceae,,Carpinus,,"henryana",var.,"oblongifolia","(Hu) Rushforth",Accepted,,L,WCSP,34350,953615-1,"Plantsman","8: 249","","1987"
kew-34351,A,Betulaceae,,Carpinus,,"henryana",var.,"simplicidentata","(Hu) Rushforth",Accepted,,L,WCSP,34351,953616-1,"Plantsman","8: 249","","1987"
kew-34361,A,Betulaceae,,Carpinus,,"japonica",,"","Blume",Accepted,,H,WCSP,34361,295263-1,"Mus. Bot.","1: 308","","1851"
kew-34363,A,Betulaceae,,Carpinus,,"kawakamii",,"","Hayata",Accepted,,H,WCSP,34363,107969-1,"Icon. Pl. Formosan.","3: 175","","1913"
kew-34365,A,Betulaceae,,Carpinus,,"kawakamii",var.,"minutiserrata","(Hayata) S.S.Ying",Accepted,,L,WCSP,34365,955015-1,"Coloured Illustr. Fl. Taiwan","3: 271","","1988"
tro-50277883,A,Betulaceae,,Carpinus,,"koreana",,"","Nakai",Unresolved,,L,TRO,50277883,,"","","",""
kew-34367,A,Betulaceae,,Carpinus,,"kweichowensis",,"","Hu",Accepted,,H,WCSP,34367,107971-1,"Sinensia","2: 79","","1931"
kew-34372,A,Betulaceae,,Carpinus,,"laxiflora",,"","(Siebold & Zucc.) Blume",Accepted,,H,WCSP,34372,295265-1,"Mus. Bot.","1: 309","","1851"
kew-34380,A,Betulaceae,,Carpinus,,"lipoensis",,"","Y.K.Li",Accepted,,H,WCSP,34380,975916-1,"Guizhou Sci.","1983(2): 20","","1983"
kew-34381,A,Betulaceae,,Carpinus,,"londoniana",,"","H.J.P.Winkl.",Accepted,,H,WCSP,34381,,"Pflanzenr.","IV, 61: 32","","1904"
kew-34382,A,Betulaceae,,Carpinus,,"londoniana",var.,"lanceolata","(Hand.-Mazz.) P.C.Li",Accepted,,L,WCSP,34382,874755-1,"in Fl. Reipubl. Popul. Sin.","21: 68","","1979"
kew-34387,A,Betulaceae,,Carpinus,,"luochengensis",,"","J.Y.Liang",Accepted,,H,WCSP,34387,931039-1,"Guihaia","6: 275","","1986"
kew-34391,A,Betulaceae,,Carpinus,,"mengshanensis",,"","S.B.Liang & F.Z.Zhao",Accepted,,H,WCSP,34391,958937-1,"Bull. Bot. Res., Harbin","11(2): 33","","1991"
kew-34392,A,Betulaceae,,Carpinus,,"mianningensis",,"","T.P.Li",Accepted,,H,WCSP,34392,,"Bull. Bot. Res., Harbin","12: 334","","1992"
kew-34393,A,Betulaceae,,Carpinus,,"microphylla",,"","Z.C.Chen ex Y.S.Wang & J.P.Huang",Accepted,,H,WCSP,34393,905821-1,"Guihaia","5: 15","","1985"
kew-34396,A,Betulaceae,,Carpinus,,"mollicoma",,"","Hu",Accepted,,H,WCSP,34396,107981-1,"Bull. Fan Mem. Inst. Biol.","n.s., 1: 216","","1949"
kew-34398,A,Betulaceae,,Carpinus,,"monbeigiana",,"","Hand.-Mazz.",Accepted,,H,WCSP,34398,107983-1,"Anz. Akad. Wiss. Wien, Math.-Naturwiss. Kl.","61: 162","","1924 publ. 1925"
kew-34404,A,Betulaceae,,Carpinus,,"omeiensis",,"","Hu & W.P.Fang",Accepted,,H,WCSP,34404,107986-1,"Acta Phytotax. Sin.","9: 296","","1964"
kew-34405,A,Betulaceae,,Carpinus,,"orientalis",,"","Mill.",Accepted,,H,WCSP,34405,295271-1,"Gard. Dict. ed. 8","3","","1768"
kew-34407,A,Betulaceae,,Carpinus,,"orientalis",subsp.,"macrocarpa","(Willk.) Browicz",Accepted,,L,WCSP,34407,878682-1,"in Fl. Iran.","97: 2","","1972"
tro-50271924,A,Betulaceae,,Carpinus,,"oxycarpa",,"","H. Winkl.",Unresolved,,L,TRO,50271924,,"Pflanzenforschung","IV,61: 31","31","1914"
kew-34414,A,Betulaceae,,Carpinus,,"paohsingensis",,"","W.Y.Hsia",Accepted,,H,WCSP,34414,,"Contr. Inst. Bot. Natl. Acad. Peiping","2: 179","","1934"
kew-34421,A,Betulaceae,,Carpinus,,"polyneura",,"","Franch.",Accepted,,H,WCSP,34421,295277-1,"J. Bot. (Morot)","13: 202","","1899"
kew-34424,A,Betulaceae,,Carpinus,,"polyneura",var.,"sunpanensis","(K.C.Hsia) P.C.Li",Accepted,,L,WCSP,34424,874758-1,"in Fl. Reipubl. Popul. Sin.","21: 86","","1979"
kew-34425,A,Betulaceae,,Carpinus,,"polyneura",var.,"tsunyihensis","(Hu) P.C.Li",Accepted,,L,WCSP,34425,874759-1,"in Fl. Reipubl. Popul. Sin.","21: 88","","1979"
kew-34426,A,Betulaceae,,Carpinus,,"pubescens",,"","Burkill",Accepted,,H,WCSP,34426,295278-1,"J. Linn. Soc., Bot.","26: 502","","1890"
kew-34427,A,Betulaceae,,Carpinus,,"pubescens",var.,"firmifolia","(H.J.P.Winkl.) Hu",Accepted,,L,WCSP,34427,874760-1,"in Fl. Reipubl. Popul. Sin.","21: 80","","1979"
kew-34429,A,Betulaceae,,Carpinus,,"purpurinervis",,"","Hu",Accepted,,H,WCSP,34429,107992-1,"Acta Phytotax. Sin.","9: 293","","1964"
kew-34430,A,Betulaceae,,Carpinus,,"putoensis",,"","W.C.Cheng",Accepted,,H,WCSP,34430,,"Contr. Biol. Lab. Sci. Soc. China, Bot. Ser.","8: 72","","1932"
kew-34432,A,Betulaceae,,Carpinus,,"rankanensis",,"","Hayata",Accepted,,H,WCSP,34432,107995-1,"Icon. Pl. Formosan.","6: 63","","1916"
kew-34435,A,Betulaceae,,Carpinus,,"rupestris",,"","A.Camus",Accepted,,H,WCSP,34435,107996-1,"Bull. Soc. Bot. France","76: 966","","1929 publ. 1930"
kew-34436,A,Betulaceae,,Carpinus,×,"schuschaensis",,"","H.J.P.Winkl.",Accepted,,H,WCSP,34436,,"Pflanzenr.","IV, 61: 32","","1904"
tro-3600380,A,Betulaceae,,Carpinus,,"schuschaensis",,"","H.J.P. Winkl.",Unresolved,,L,TRO,3600380,295280-1,"","","",""
kew-34440,A,Betulaceae,,Carpinus,,"shensiensis",,"","Hu",Accepted,,H,WCSP,34440,107998-1,"Bull. Fan Mem. Inst. Biol.","n.s., 1: 145","","1948"
kew-34442,A,Betulaceae,,Carpinus,,"shimenensis",,"","C.J.Qi",Accepted,,H,WCSP,34442,897303-1,"J. Nanjing Technol. Coll. Forest Prod.","1981(3): 123","","1981"
kew-34449,A,Betulaceae,,Carpinus,,"tientaiensis",,"","W.C.Cheng",Accepted,,H,WCSP,34449,,"Contr. Biol. Lab. Sci. Soc. China, Bot. Ser.","8: 135","","1932"
kew-34451,A,Betulaceae,,Carpinus,,"tropicalis",,"","(Donn.Sm.) Lundell",Accepted,,H,WCSP,34451,47669-2,"Lloydia","2: 79","","1939"
kew-34454,A,Betulaceae,,Carpinus,,"tsaiana",,"","Hu",Accepted,,H,WCSP,34454,108006-1,"Bull. Fan Mem. Inst. Biol.","n.s., 1: 141","","1948"
kew-34455,A,Betulaceae,,Carpinus,,"tschonoskii",,"","Maxim.",Accepted,,H,WCSP,34455,295285-1,"Bull. Acad. Imp. Sci. Saint-Pétersbourg","27: 534","","1881"
kew-34462,A,Betulaceae,,Carpinus,,"turczaninowii",,"","Hance",Accepted,,H,WCSP,34462,,"J. Linn. Soc., Bot.","10: 203","","1869"
kew-34471,A,Betulaceae,,Carpinus,,"viminea",,"","Wall. ex Lindl.",Accepted,,H,WCSP,34471,295290-1,"Pl. Asiat. Rar.","2: 4","","1830"
kew-47831,A,Betulaceae,,Corylus,,"americana",,"","Walter",Accepted,,H,WCSP,47831,295439-1,"Fl. Carol.","236","","1788"
tro-50272023,A,Betulaceae,,Corylus,,"atropurpurea",,"","A. DC.",Unresolved,,L,TRO,50272023,295444-1,"Prodr.","16(2): 132","132","1864"
kew-47841,A,Betulaceae,,Corylus,,"avellana",,"","L.",Accepted,,H,WCSP,47841,295446-1,"Sp. Pl.","998","","1753"
kew-47852,A,Betulaceae,,Corylus,,"avellana",var.,"pontica","(K.Koch) H.J.P.Winkl.",Accepted,,L,WCSP,47852,,"Pflanzenr.","IV, 61: 47","","1904"
kew-47863,A,Betulaceae,,Corylus,,"chinensis",,"","Franch.",Accepted,,H,WCSP,47863,295451-1,"J. Bot. (Morot)","13: 197","","1899"
kew-47865,A,Betulaceae,,Corylus,,"colchica",,"","Albov",Accepted,,H,WCSP,47865,295452-1,"Prodr. Fl. Colchic.","219","","1895"
kew-47866,A,Betulaceae,,Corylus,,"colurna",,"","L.",Accepted,,H,WCSP,47866,295453-1,"Sp. Pl.","999","","1753"
kew-47870,A,Betulaceae,,Corylus,×,"colurnoides",,"","C.K.Schneid.",Accepted,,H,WCSP,47870,,"Laubholzkunde","1: 145","","1906"
kew-47871,A,Betulaceae,,Corylus,,"cornuta",,"","Marshall",Accepted,,H,WCSP,47871,108018-1,"Arbust. Amer.","37","","1785"
kew-47873,A,Betulaceae,,Corylus,,"cornuta",subsp.,"californica","(A.DC.) A.E.Murray",Accepted,,L,WCSP,47873,920789-1,"Kalmia","12: 19","","1982"
tro-50272060,A,Betulaceae,,Corylus,,"egrissiensis",,"","Kern.-Nath.",Unresolved,,L,TRO,50272060,,"?","","",""
kew-47882,A,Betulaceae,,Corylus,,"fargesii",,"","(Franch.) C.K.Schneid.",Accepted,,H,WCSP,47882,,"Ill. Handb. Laubholzk.","2: 896","","1912"
kew-47883,A,Betulaceae,,Corylus,,"ferox",,"","Wall.",Accepted,,H,WCSP,47883,,"Pl. Asiat. Rar.","1: 77","","1830"
kew-47885,A,Betulaceae,,Corylus,,"ferox",var.,"tibetica","(Batalin) Franch.",Accepted,,L,WCSP,47885,,"J. Bot. (Morot)","13: 201","","1899"
kew-47888,A,Betulaceae,,Corylus,,"formosana",,"","Hayata",Unresolved,,L,WCSP,47888,108019-1,"Icon. Pl. Formosan.","6(Suppl.): 72","","1917"
kew-47893,A,Betulaceae,,Corylus,,"heterophylla",,"","Fisch. ex Trautv.",Accepted,,H,WCSP,47893,,"Pl. Imag. Descr. Fl. Russ.","1: 10","","1844"
kew-47898,A,Betulaceae,,Corylus,,"heterophylla",var.,"sutchuenensis","Franch.",Accepted,,L,WCSP,47898,,"J. Bot. (Morot)","13: 199","","1899"
kew-47905,A,Betulaceae,,Corylus,,"jacquemontii",,"","Decne.",Accepted,,H,WCSP,47905,,"Voy. Inde","4: 160","","1844"
kew-47915,A,Betulaceae,,Corylus,,"maxima",,"","Mill.",Accepted,,H,WCSP,47915,295467-1,"Gard. Dict. ed. 8","2","","1768"
kew-47923,A,Betulaceae,,Corylus,,"potaninii",,"","Bobrov",Accepted,,H,WCSP,47923,108027-1,"Sovetsk. Bot.","1936(1): 29","","1936"
kew-47939,A,Betulaceae,,Corylus,,"sieboldiana",,"","Blume",Accepted,,H,WCSP,47939,295481-1,"Mus. Bot.","1: 310","","1851"
kew-47941,A,Betulaceae,,Corylus,,"sieboldiana",var.,"mandshurica","(Maxim.) C.K.Schneid.",Accepted,,L,WCSP,47941,,"Pl. Wilson.","2: 454","","1916"
kew-47944,A,Betulaceae,,Corylus,×,"spinescens",,"","Rehder",Unresolved,,L,WCSP,47944,108029-1,"J. Arnold Arbor.","7: 147","","1926"
kew-47953,A,Betulaceae,,Corylus,×,"vilmorinii",,"","Rehder",Unresolved,,L,WCSP,47953,108031-1,"J. Arnold Arbor.","7: 145","","1926"
kew-47955,A,Betulaceae,,Corylus,,"wangii",,"","Hu",Accepted,,H,WCSP,47955,108032-1,"Bull. Fan Mem. Inst. Biol.","Bot. 8: 31","","1937"
kew-47956,A,Betulaceae,,Corylus,,"wulingensis",,"","Q.X.Liu & C.M.Zhang",Accepted,,H,WCSP,47956,939193-1,"Bull. Bot. Res., Harbin","10(1): 35","","1990"
kew-47958,A,Betulaceae,,Corylus,,"yunnanensis",,"","(Franch.) A.Camus",Accepted,,H,WCSP,47958,108033-1,"Bull. Mus. Natl. Hist. Nat.","II, 1: 438","","1929"
kew-144615,A,Betulaceae,,Ostrya,,"carpinifolia",,"","Scop.",Accepted,,H,WCSP,144615,295664-1,"Fl. Carniol.","ed. 2, 2: 244","","1772"
kew-144618,A,Betulaceae,,Ostrya,,"chisosensis",,"","Correll",Accepted,,H,WCSP,144618,177291-2,"Wrightia","3: 128","","1965"
kew-144624,A,Betulaceae,,Ostrya,,"japonica",,"","Sarg.",Accepted,,H,WCSP,144624,,"Gard. & Forest","5: 282","","1893"
kew-144626,A,Betulaceae,,Ostrya,,"knowltonii",,"","Sarg.",Accepted,,H,WCSP,144626,295668-1,"Gard. & Forest","7: 115","","1894"
kew-144632,A,Betulaceae,,Ostrya,,"multinervis",,"","Rehder",Accepted,,H,WCSP,144632,108051-1,"J. Arnold Arbor.","19: 71","","1938"
tro-3600528,A,Betulaceae,,Ostrya,,"quatemalensis",,"","Rose",Unresolved,,L,TRO,3600528,,"Contr. U.S. Natl. Herb.","8: 292","292","1905"
kew-144635,A,Betulaceae,,Ostrya,,"rehderiana",,"","Chun",Accepted,,H,WCSP,144635,108053-1,"J. Arnold Arbor.","8: 19","","1927"
kew-144636,A,Betulaceae,,Ostrya,,"trichocarpa",,"","D.Fang & Y.S.Wang",Accepted,,H,WCSP,144636,902677-1,"Guihaia","3: 189","","1983"
kew-144637,A,Betulaceae,,Ostrya,,"virginiana",,"","(Mill.) K.Koch",Accepted,,H,WCSP,144637,295672-1,"Dendrologie","2(2): 6","","1873"
kew-144639,A,Betulaceae,,Ostrya,,"virginiana",subsp.,"guatemalensis","(H.J.P.Winkl.) A.E.Murray",Accepted,,L,WCSP,144639,922444-1,"Kalmia","13: 10","","1983"
kew-144647,A,Betulaceae,,Ostrya,,"yunnanensis",,"","W.K.Hu",Accepted,,H,WCSP,144647,108054-1,"Acta Phytotax. Sin.","17(2): 87","","1979"
kew-144649,A,Betulaceae,,Ostryopsis,,"davidiana",,"","Decne.",Accepted,,H,WCSP,144649,295677-1,"Bull. Soc. Bot. France","20: 155","","1873"
kew-463738,A,Betulaceae,,Ostryopsis,,"intermedia",,"","B.Tian & J.Q.Liu",Accepted,,H,WCSP,463738,77105679-1,"Bot. Stud. (Taipei)","51: 261","","2010"
kew-144651,A,Betulaceae,,Ostryopsis,,"nobilis",,"","Balf.f. & W.W.Sm.",Accepted,,H,WCSP,144651,108055-1,"Notes Roy. Bot. Gard. Edinburgh","8: 194","","1914"
